[
  [
    1547792340000,
    3665.71828855
  ],
  [
    1547792640000,
    3666.7349676
  ],
  [
    1547792940000,
    3668.69097465
  ],
  [
    1547793241000,
    3668.26209896
  ],
  [
    1547793540000,
    3668.75740497
  ],
  [
    1547793840000,
    3671.20941189
  ],
  [
    1547794140000,
    3670.78712428
  ],
  [
    1547794441000,
    3671.21039091
  ],
  [
    1547794740000,
    3670.99350579
  ],
  [
    1547795040000,
    3671.55025252
  ],
  [
    1547795340000,
    3673.62944647
  ],
  [
    1547795640000,
    3671.2001527
  ],
  [
    1547795941000,
    3672.6719115
  ],
  [
    1547796240000,
    3671.46186267
  ],
  [
    1547796540000,
    3668.37363569
  ],
  [
    1547796840000,
    3667.99081665
  ],
  [
    1547797141000,
    3664.50125355
  ],
  [
    1547797441000,
    3666.39641927
  ],
  [
    1547797742000,
    3666.80884234
  ],
  [
    1547798041000,
    3667.58495292
  ],
  [
    1547798340000,
    3666.9263622
  ],
  [
    1547798641000,
    3668.51745911
  ],
  [
    1547798940000,
    3668.28168621
  ],
  [
    1547799240000,
    3665.96281122
  ],
  [
    1547799540000,
    3666.41697988
  ],
  [
    1547799840000,
    3667.60913572
  ],
  [
    1547800141000,
    3667.80340943
  ],
  [
    1547800440000,
    3671.44273269
  ],
  [
    1547800740000,
    3668.35462959
  ],
  [
    1547801040000,
    3671.75670332
  ],
  [
    1547801340000,
    3671.45260871
  ],
  [
    1547801641000,
    3669.40963777
  ],
  [
    1547801940000,
    3668.51302296
  ],
  [
    1547802241000,
    3668.00077493
  ],
  [
    1547802541000,
    3667.57433763
  ],
  [
    1547802841000,
    3667.67741096
  ],
  [
    1547803141000,
    3668.91838846
  ],
  [
    1547803440000,
    3666.09189757
  ],
  [
    1547803741000,
    3667.77443302
  ],
  [
    1547804040000,
    3667.74743329
  ],
  [
    1547804340000,
    3669.27870175
  ],
  [
    1547804641000,
    3671.09708121
  ],
  [
    1547804940000,
    3670.36408588
  ],
  [
    1547805243000,
    3671.6580012
  ],
  [
    1547805541000,
    3670.36365767
  ],
  [
    1547805840000,
    3670.08559954
  ],
  [
    1547806141000,
    3671.37124144
  ],
  [
    1547806440000,
    3673.63366917
  ],
  [
    1547806741000,
    3671.53381392
  ],
  [
    1547807040000,
    3667.64738152
  ],
  [
    1547807340000,
    3666.69091561
  ],
  [
    1547807640000,
    3668.16412517
  ],
  [
    1547807940000,
    3669.65260012
  ],
  [
    1547808240000,
    3671.85818966
  ],
  [
    1547808540000,
    3668.37676212
  ],
  [
    1547808840000,
    3667.8168959
  ],
  [
    1547809141000,
    3664.73759129
  ],
  [
    1547809440000,
    3660.36391836
  ],
  [
    1547809741000,
    3656.11239763
  ],
  [
    1547810042000,
    3653.51268471
  ],
  [
    1547810340000,
    3653.40938994
  ],
  [
    1547810640000,
    3654.66537653
  ],
  [
    1547810940000,
    3659.02033452
  ],
  [
    1547811241000,
    3658.99954215
  ],
  [
    1547811542000,
    3656.15249303
  ],
  [
    1547811840000,
    3655.3942286
  ],
  [
    1547812141000,
    3659.99578333
  ],
  [
    1547812441000,
    3659.91667892
  ],
  [
    1547812741000,
    3655.67699696
  ],
  [
    1547813040000,
    3656.06909583
  ],
  [
    1547813340000,
    3654.41349776
  ],
  [
    1547813641000,
    3653.1084129
  ],
  [
    1547813940000,
    3653.51255164
  ],
  [
    1547814240000,
    3650.31692213
  ],
  [
    1547814544000,
    3651.93905522
  ],
  [
    1547814840000,
    3649.43524062
  ],
  [
    1547815141000,
    3645.84608621
  ],
  [
    1547815441000,
    3645.33552549
  ],
  [
    1547815741000,
    3649.90045524
  ],
  [
    1547816040000,
    3649.84269862
  ],
  [
    1547816340000,
    3648.80507997
  ],
  [
    1547816640000,
    3647.0817072
  ],
  [
    1547816942000,
    3648.58457565
  ],
  [
    1547817240000,
    3648.51886696
  ],
  [
    1547817540000,
    3649.1711743
  ],
  [
    1547817840000,
    3650.48001161
  ],
  [
    1547818143000,
    3650.98623175
  ],
  [
    1547818441000,
    3649.11996329
  ],
  [
    1547818741000,
    3649.22053282
  ],
  [
    1547819041000,
    3650.01735554
  ],
  [
    1547819340000,
    3650.42373092
  ],
  [
    1547819640000,
    3652.0424119
  ],
  [
    1547819941000,
    3653.28783143
  ],
  [
    1547820242000,
    3651.94757871
  ],
  [
    1547820540000,
    3652.02887483
  ],
  [
    1547820840000,
    3648.59462251
  ],
  [
    1547821141000,
    3648.44009151
  ],
  [
    1547821440000,
    3647.29851341
  ],
  [
    1547821740000,
    3647.18761779
  ],
  [
    1547822040000,
    3650.42110157
  ],
  [
    1547822340000,
    3648.30105542
  ],
  [
    1547822640000,
    3648.08819954
  ],
  [
    1547822940000,
    3648.57929769
  ],
  [
    1547823240000,
    3650.2926207
  ],
  [
    1547823542000,
    3647.74558759
  ],
  [
    1547823841000,
    3649.17127007
  ],
  [
    1547824141000,
    3651.37706884
  ],
  [
    1547824440000,
    3651.89975441
  ],
  [
    1547824740000,
    3655.58822716
  ],
  [
    1547825041000,
    3657.84292432
  ],
  [
    1547825346000,
    3658.43351749
  ],
  [
    1547825641000,
    3660.76768198
  ],
  [
    1547825940000,
    3659.90949281
  ],
  [
    1547826241000,
    3662.96596144
  ],
  [
    1547826540000,
    3663.32710745
  ],
  [
    1547826840000,
    3661.80346994
  ],
  [
    1547827140000,
    3663.6011425
  ],
  [
    1547827441000,
    3668.1288658
  ],
  [
    1547827740000,
    3663.181392
  ],
  [
    1547828040000,
    3659.22675109
  ],
  [
    1547828341000,
    3658.26156211
  ],
  [
    1547828641000,
    3652.49682091
  ],
  [
    1547828941000,
    3654.39949647
  ],
  [
    1547829240000,
    3652.95009734
  ]
]