[
  [
    1547792340000,
    1
  ],
  [
    1547792640000,
    1
  ],
  [
    1547792940000,
    1
  ],
  [
    1547793241000,
    1
  ],
  [
    1547793540000,
    1
  ],
  [
    1547793840000,
    1
  ],
  [
    1547794140000,
    1
  ],
  [
    1547794441000,
    1
  ],
  [
    1547794740000,
    1
  ],
  [
    1547795040000,
    1
  ],
  [
    1547795340000,
    1
  ],
  [
    1547795640000,
    1
  ],
  [
    1547795941000,
    1
  ],
  [
    1547796240000,
    1
  ],
  [
    1547796540000,
    1
  ],
  [
    1547796840000,
    1
  ],
  [
    1547797141000,
    1
  ],
  [
    1547797441000,
    1
  ],
  [
    1547797742000,
    1
  ],
  [
    1547798041000,
    1
  ],
  [
    1547798340000,
    1
  ],
  [
    1547798641000,
    1
  ],
  [
    1547798940000,
    1
  ],
  [
    1547799240000,
    1
  ],
  [
    1547799540000,
    1
  ],
  [
    1547799840000,
    1
  ],
  [
    1547800141000,
    1
  ],
  [
    1547800440000,
    1
  ],
  [
    1547800740000,
    1
  ],
  [
    1547801040000,
    1
  ],
  [
    1547801340000,
    1
  ],
  [
    1547801641000,
    1
  ],
  [
    1547801940000,
    1
  ],
  [
    1547802241000,
    1
  ],
  [
    1547802541000,
    1
  ],
  [
    1547802841000,
    1
  ],
  [
    1547803141000,
    1
  ],
  [
    1547803440000,
    1
  ],
  [
    1547803741000,
    1
  ],
  [
    1547804040000,
    1
  ],
  [
    1547804340000,
    1
  ],
  [
    1547804641000,
    1
  ],
  [
    1547804940000,
    1
  ],
  [
    1547805243000,
    1
  ],
  [
    1547805541000,
    1
  ],
  [
    1547805840000,
    1
  ],
  [
    1547806141000,
    1
  ],
  [
    1547806440000,
    1
  ],
  [
    1547806741000,
    1
  ],
  [
    1547807040000,
    1
  ],
  [
    1547807340000,
    1
  ],
  [
    1547807640000,
    1
  ],
  [
    1547807940000,
    1
  ],
  [
    1547808240000,
    1
  ],
  [
    1547808540000,
    1
  ],
  [
    1547808840000,
    1
  ],
  [
    1547809141000,
    1
  ],
  [
    1547809440000,
    1
  ],
  [
    1547809741000,
    1
  ],
  [
    1547810042000,
    1
  ],
  [
    1547810340000,
    1
  ],
  [
    1547810640000,
    1
  ],
  [
    1547810940000,
    1
  ],
  [
    1547811241000,
    1
  ],
  [
    1547811542000,
    1
  ],
  [
    1547811840000,
    1
  ],
  [
    1547812141000,
    1
  ],
  [
    1547812441000,
    1
  ],
  [
    1547812741000,
    1
  ],
  [
    1547813040000,
    1
  ],
  [
    1547813340000,
    1
  ],
  [
    1547813641000,
    1
  ],
  [
    1547813940000,
    1
  ],
  [
    1547814240000,
    1
  ],
  [
    1547814544000,
    1
  ],
  [
    1547814840000,
    1
  ],
  [
    1547815141000,
    1
  ],
  [
    1547815441000,
    1
  ],
  [
    1547815741000,
    1
  ],
  [
    1547816040000,
    1
  ],
  [
    1547816340000,
    1
  ],
  [
    1547816640000,
    1
  ],
  [
    1547816942000,
    1
  ],
  [
    1547817240000,
    1
  ],
  [
    1547817540000,
    1
  ],
  [
    1547817840000,
    1
  ],
  [
    1547818143000,
    1
  ],
  [
    1547818441000,
    1
  ],
  [
    1547818741000,
    1
  ],
  [
    1547819041000,
    1
  ],
  [
    1547819340000,
    1
  ],
  [
    1547819640000,
    1
  ],
  [
    1547819941000,
    1
  ],
  [
    1547820242000,
    1
  ],
  [
    1547820540000,
    1
  ],
  [
    1547820840000,
    1
  ],
  [
    1547821141000,
    1
  ],
  [
    1547821440000,
    1
  ],
  [
    1547821740000,
    1
  ],
  [
    1547822040000,
    1
  ],
  [
    1547822340000,
    1
  ],
  [
    1547822640000,
    1
  ],
  [
    1547822940000,
    1
  ],
  [
    1547823240000,
    1
  ],
  [
    1547823542000,
    1
  ],
  [
    1547823841000,
    1
  ],
  [
    1547824141000,
    1
  ],
  [
    1547824440000,
    1
  ],
  [
    1547824740000,
    1
  ],
  [
    1547825041000,
    1
  ],
  [
    1547825346000,
    1
  ],
  [
    1547825641000,
    1
  ],
  [
    1547825940000,
    1
  ],
  [
    1547826241000,
    1
  ],
  [
    1547826540000,
    1
  ],
  [
    1547826840000,
    1
  ],
  [
    1547827140000,
    1
  ],
  [
    1547827441000,
    1
  ],
  [
    1547827740000,
    1
  ],
  [
    1547828040000,
    1
  ],
  [
    1547828341000,
    1
  ],
  [
    1547828641000,
    1
  ],
  [
    1547828941000,
    1
  ],
  [
    1547829240000,
    1
  ],
  [
    1547829540000,
    1
  ],
  [
    1547829840000,
    1
  ],
  [
    1547830141000,
    1
  ],
  [
    1547830441000,
    1
  ],
  [
    1547830740000,
    1
  ],
  [
    1547831040000,
    1
  ],
  [
    1547831340000,
    1
  ],
  [
    1547831640000,
    1
  ],
  [
    1547831940000,
    1
  ],
  [
    1547832241000,
    1
  ],
  [
    1547832540000,
    1
  ],
  [
    1547832840000,
    1
  ],
  [
    1547833141000,
    1
  ],
  [
    1547833440000,
    1
  ],
  [
    1547833741000,
    1
  ],
  [
    1547834040000,
    1
  ],
  [
    1547834340000,
    1
  ],
  [
    1547834640000,
    1
  ],
  [
    1547834940000,
    1
  ],
  [
    1547835240000,
    1
  ],
  [
    1547835540000,
    1
  ],
  [
    1547835840000,
    1
  ],
  [
    1547836140000,
    1
  ],
  [
    1547836440000,
    1
  ],
  [
    1547836740000,
    1
  ],
  [
    1547837040000,
    1
  ],
  [
    1547837341000,
    1
  ],
  [
    1547837640000,
    1
  ],
  [
    1547837940000,
    1
  ],
  [
    1547838240000,
    1
  ],
  [
    1547838541000,
    1
  ],
  [
    1547838840000,
    1
  ],
  [
    1547839140000,
    1
  ],
  [
    1547839441000,
    1
  ],
  [
    1547839740000,
    1
  ],
  [
    1547840042000,
    1
  ],
  [
    1547840340000,
    1
  ],
  [
    1547840640000,
    1
  ],
  [
    1547840940000,
    1
  ],
  [
    1547841240000,
    1
  ],
  [
    1547841542000,
    1
  ],
  [
    1547841841000,
    1
  ],
  [
    1547842140000,
    1
  ],
  [
    1547842442000,
    1
  ],
  [
    1547842741000,
    1
  ],
  [
    1547843040000,
    1
  ],
  [
    1547843340000,
    1
  ],
  [
    1547843640000,
    1
  ],
  [
    1547843942000,
    1
  ],
  [
    1547844240000,
    1
  ],
  [
    1547844540000,
    1
  ],
  [
    1547844840000,
    1
  ],
  [
    1547845140000,
    1
  ],
  [
    1547845440000,
    1
  ],
  [
    1547845740000,
    1
  ],
  [
    1547846041000,
    1
  ],
  [
    1547846340000,
    1
  ],
  [
    1547846640000,
    1
  ]
]